[gd_scene load_steps=7 format=3 uid="uid://rfbbluv6tayn"]

[ext_resource type="Script" path="res://Stages/stage_normal.gd" id="1_ym7d4"]
[ext_resource type="PackedScene" uid="uid://ko5lfffl4sum" path="res://Characters/player.tscn" id="2_f0u6x"]
[ext_resource type="PackedScene" uid="uid://ccipvgkox0558" path="res://StageItems/ground.tscn" id="3_scdlc"]
[ext_resource type="PackedScene" uid="uid://co218syojoubj" path="res://Characters/enemy.tscn" id="4_nvtp2"]
[ext_resource type="PackedScene" uid="uid://d0ukkuyyrnr8e" path="res://StageItems/rocky_mountain.tscn" id="5_u8r3c"]

[sub_resource type="BoxShape3D" id="BoxShape3D_ixapx"]
size = Vector3(5, 2, 1)

[node name="Stage" type="Node3D"]
script = ExtResource("1_ym7d4")

[node name="Camera3D" type="Camera3D" parent="."]
transform = Transform3D(1, 0, 0, 0, 0.573576, 0.819152, 0, -0.819152, 0.573576, 0, 7, 0)

[node name="DirectionalLight3D" type="DirectionalLight3D" parent="."]
transform = Transform3D(0.642788, -0.663414, 0.383022, 0, 0.5, 0.866026, -0.766044, -0.556671, 0.321394, -7.24224, 0, 0)
shadow_enabled = true

[node name="Player" parent="." instance=ExtResource("2_f0u6x")]

[node name="Ground" parent="." instance=ExtResource("3_scdlc")]

[node name="Enemy2" parent="." instance=ExtResource("4_nvtp2")]
transform = Transform3D(1, 0, 0, 0, 1, 0, 0, 0, 1, -0.138968, 0, -8)

[node name="EnemyBulletSensor" type="Area3D" parent="."]
collision_layer = 0
collision_mask = 4

[node name="CollisionShape3D" type="CollisionShape3D" parent="EnemyBulletSensor"]
shape = SubResource("BoxShape3D_ixapx")

[node name="RockyMountain" parent="." instance=ExtResource("5_u8r3c")]
transform = Transform3D(0.707107, 0, 0.707107, 0, 1, 0, -0.707107, 0, 0.707107, 0.5, 0, -4)

[connection signal="body_entered" from="EnemyBulletSensor" to="." method="_on_enemy_bullet_sensor_body_entered"]
